-0.45664 0.03 1.41421 0.957574 0.03 0 
-0.45664 0.09 1.41421 0.957573 0.09 0 
-0.45664 0.15 1.41421 0.957573 0.15 0 
-0.45664 0.21 1.41421 0.957573 0.21 0 
-0.45664 0.27 1.41421 0.957574 0.27 0 
-0.45664 0.33 1.41421 0.957573 0.33 0 
-0.45664 0.39 1.41421 0.957573 0.39 0 
-0.45664 0.45 1.41421 0.957573 0.45 0 
-0.45664 0.51 1.41421 0.957574 0.51 0 
-0.45664 0.57 1.41421 0.957573 0.57 0 
-0.45664 0.63 1.41421 0.957573 0.63 0 
-0.45664 0.69 1.41421 0.957573 0.69 0 
-0.45664 0.75 1.41421 0.957573 0.75 0 
-0.45664 0.81 1.41421 0.957573 0.81 0 
-0.45664 0.87 1.41421 0.957573 0.87 0 
-0.45664 0.93 1.41421 0.957573 0.93 0 
-0.45664 0.99 1.41421 0.957573 0.99 0 
-0.541493 0.03 1.41421 0.87272 0.03 0 
-0.541493 0.09 1.41421 0.87272 0.09 0 
-0.541493 0.15 1.41421 0.87272 0.15 0 
-0.541493 0.21 1.41421 0.87272 0.21 0 
-0.541493 0.27 1.41421 0.87272 0.27 0 
-0.541493 0.33 1.41421 0.87272 0.33 0 
-0.541493 0.39 1.41421 0.87272 0.39 0 
-0.541493 0.45 1.41421 0.87272 0.45 0 
-0.541493 0.51 1.41421 0.87272 0.51 0 
-0.541493 0.57 1.41421 0.87272 0.57 0 
-0.541493 0.63 1.41421 0.87272 0.63 0 
-0.541493 0.69 1.41421 0.87272 0.69 0 
-0.541493 0.75 1.41421 0.87272 0.75 0 
-0.541493 0.81 1.41421 0.87272 0.81 0 
-0.541493 0.87 1.41421 0.87272 0.87 0 
-0.541493 0.93 1.41421 0.87272 0.93 0 
-0.541493 0.99 1.41421 0.87272 0.99 0 
-0.626346 0.03 1.41421 0.787868 0.03 0 
-0.626346 0.09 1.41421 0.787868 0.09 0 
-0.626346 0.15 1.41421 0.787868 0.15 0 
-0.626346 0.21 1.41421 0.787868 0.21 0 
-0.626346 0.27 1.41421 0.787868 0.27 0 
-0.626346 0.33 1.41421 0.787868 0.33 0 
-0.626346 0.39 1.41421 0.787867 0.39 0 
-0.626346 0.45 1.41421 0.787868 0.45 0 
-0.626346 0.51 1.41421 0.787868 0.51 0 
-0.626346 0.57 1.41421 0.787868 0.57 0 
-0.626346 0.63 1.41421 0.787868 0.63 0 
-0.626346 0.69 1.41421 0.787868 0.69 0 
-0.626346 0.75 1.41421 0.787868 0.75 0 
-0.626346 0.81 1.41421 0.787868 0.81 0 
-0.626346 0.87 1.41421 0.787868 0.87 0 
-0.626346 0.93 1.41421 0.787868 0.93 0 
-0.626346 0.99 1.41421 0.787868 0.99 0 
-0.711198 0.03 1.41421 0.703015 0.03 0 
-0.711198 0.09 1.41421 0.703015 0.09 0 
-0.711198 0.15 1.41421 0.703015 0.15 0 
-0.711198 0.21 1.41421 0.703015 0.21 0 
-0.711198 0.27 1.41421 0.703015 0.27 0 
-0.711198 0.33 1.41421 0.703015 0.33 0 
-0.711198 0.39 1.41421 0.703015 0.39 0 
-0.711198 0.45 1.41421 0.703015 0.45 0 
-0.711198 0.51 1.41421 0.703015 0.51 0 
-0.711198 0.57 1.41421 0.703015 0.57 0 
-0.711198 0.63 1.41421 0.703015 0.63 0 
-0.711198 0.69 1.41421 0.703015 0.69 0 
-0.711198 0.75 1.41421 0.703015 0.75 0 
-0.711198 0.81 1.41421 0.703015 0.81 0 
-0.711198 0.87 1.41421 0.703015 0.87 0 
-0.711198 0.93 1.41421 0.703015 0.93 0 
-0.711198 0.99 1.41421 0.703015 0.99 0 
-0.796051 0.03 1.41421 0.618162 0.03 0 
-0.796051 0.09 1.41421 0.618162 0.09 0 
-0.796051 0.15 1.41421 0.618162 0.15 0 
-0.796051 0.21 1.41421 0.618162 0.21 0 
-0.796051 0.27 1.41421 0.618162 0.27 0 
-0.796051 0.33 1.41421 0.618162 0.33 0 
-0.796051 0.39 1.41421 0.618162 0.39 0 
-0.796051 0.45 1.41421 0.618162 0.45 0 
-0.796051 0.51 1.41421 0.618162 0.51 0 
-0.796051 0.57 1.41421 0.618162 0.57 0 
-0.796051 0.63 1.41421 0.618162 0.63 0 
-0.796051 0.69 1.41421 0.618162 0.69 0 
-0.796051 0.75 1.41421 0.618162 0.75 0 
-0.796051 0.81 1.41421 0.618162 0.81 0 
-0.796051 0.87 1.41421 0.618162 0.87 0 
-0.796051 0.93 1.41421 0.618162 0.93 0 
-0.796051 0.99 1.41421 0.618162 0.99 0 
-0.880904 0.03 1.41421 0.533309 0.03 0 
-0.880904 0.09 1.41421 0.533309 0.09 0 
-0.880904 0.15 1.41421 0.533309 0.15 0 
-0.880904 0.21 1.41421 0.533309 0.21 0 
-0.880904 0.27 1.41421 0.533309 0.27 0 
-0.880904 0.33 1.41421 0.533309 0.33 0 
-0.880904 0.39 1.41421 0.533309 0.39 0 
-0.880904 0.45 1.41421 0.533309 0.45 0 
-0.880904 0.51 1.41421 0.533309 0.51 0 
-0.880904 0.57 1.41421 0.533309 0.57 0 
-0.880904 0.63 1.41421 0.533309 0.63 0 
-0.880904 0.69 1.41421 0.533309 0.69 0 
-0.880904 0.75 1.41421 0.533309 0.75 0 
-0.880904 0.81 1.41421 0.533309 0.81 0 
-0.880904 0.87 1.41421 0.533309 0.87 0 
-0.880904 0.93 1.41421 0.533309 0.93 0 
-0.880904 0.99 1.41421 0.533309 0.99 0 
-0.965757 0.03 1.41421 0.448457 0.03 0 
-0.965757 0.09 1.41421 0.448457 0.09 0 
-0.965757 0.15 1.41421 0.448457 0.15 0 
-0.965757 0.21 1.41421 0.448457 0.21 0 
-0.965757 0.27 1.41421 0.448457 0.27 0 
-0.965757 0.33 1.41421 0.448457 0.33 0 
-0.965757 0.39 1.41421 0.448457 0.39 0 
-0.965757 0.45 1.41421 0.448457 0.45 0 
-0.965757 0.51 1.41421 0.448457 0.51 0 
-0.965757 0.57 1.41421 0.448457 0.57 0 
-0.965757 0.63 1.41421 0.448457 0.63 0 
-0.965757 0.69 1.41421 0.448457 0.69 0 
-0.965757 0.75 1.41421 0.448457 0.75 0 
-0.965757 0.81 1.41421 0.448457 0.81 0 
-0.965757 0.87 1.41421 0.448457 0.87 0 
-0.965757 0.93 1.41421 0.448457 0.93 0 
-0.965757 0.99 1.41421 0.448457 0.99 0 
-1.05061 0.03 1.41421 0.363604 0.03 0 
-1.05061 0.09 1.41421 0.363604 0.09 0 
-1.05061 0.15 1.41421 0.363604 0.15 0 
-1.05061 0.21 1.41421 0.363604 0.21 0 
-1.05061 0.27 1.41421 0.363604 0.27 0 
-1.05061 0.33 1.41421 0.363604 0.33 0 
-1.05061 0.39 1.41421 0.363604 0.39 0 
-1.05061 0.45 1.41421 0.363604 0.45 0 
-1.05061 0.51 1.41421 0.363604 0.51 0 
-1.05061 0.57 1.41421 0.363604 0.57 0 
-1.05061 0.63 1.41421 0.363604 0.63 0 
-1.05061 0.69 1.41421 0.363604 0.69 0 
-1.05061 0.75 1.41421 0.363604 0.75 0 
-1.05061 0.81 1.41421 0.363604 0.81 0 
-1.05061 0.87 1.41421 0.363604 0.87 0 
-1.05061 0.93 1.41421 0.363604 0.93 0 
-1.05061 0.99 1.41421 0.363604 0.99 0 
-1.13546 0.03 1.41421 0.278751 0.03 0 
-1.13546 0.09 1.41421 0.278751 0.09 0 
-1.13546 0.15 1.41421 0.278751 0.15 0 
-1.13546 0.21 1.41421 0.278751 0.21 0 
-1.13546 0.27 1.41421 0.278751 0.27 0 
-1.13546 0.33 1.41421 0.278751 0.33 0 
-1.13546 0.39 1.41421 0.278751 0.39 0 
-1.13546 0.45 1.41421 0.278751 0.45 0 
-1.13546 0.51 1.41421 0.278751 0.51 0 
-1.13546 0.57 1.41421 0.278751 0.57 0 
-1.13546 0.63 1.41421 0.278751 0.63 0 
-1.13546 0.69 1.41421 0.278751 0.69 0 
-1.13546 0.75 1.41421 0.278751 0.75 0 
-1.13546 0.81 1.41421 0.278751 0.81 0 
-1.13546 0.87 1.41421 0.278751 0.87 0 
-1.13546 0.93 1.41421 0.278751 0.93 0 
-1.13546 0.99 1.41421 0.278751 0.99 0 
-1.22032 0.03 1.41421 0.193898 0.03 0 
-1.22032 0.09 1.41421 0.193898 0.09 0 
-1.22032 0.15 1.41421 0.193898 0.15 0 
-1.22032 0.21 1.41421 0.193898 0.21 0 
-1.22032 0.27 1.41421 0.193898 0.27 0 
-1.22032 0.33 1.41421 0.193898 0.33 0 
-1.22032 0.39 1.41421 0.193898 0.39 0 
-1.22032 0.45 1.41421 0.193898 0.45 0 
-1.22032 0.51 1.41421 0.193898 0.51 0 
-1.22032 0.57 1.41421 0.193898 0.57 0 
-1.22032 0.63 1.41421 0.193898 0.63 0 
-1.22032 0.69 1.41421 0.193898 0.69 0 
-1.22032 0.75 1.41421 0.193898 0.75 0 
-1.22032 0.81 1.41421 0.193898 0.81 0 
-1.22032 0.87 1.41421 0.193898 0.87 0 
-1.22032 0.93 1.41421 0.193898 0.93 0 
-1.22032 0.99 1.41421 0.193898 0.99 0 
-1.30517 0.03 1.41421 0.109045 0.03 0 
-1.30517 0.09 1.41421 0.109045 0.09 0 
-1.30517 0.15 1.41421 0.109045 0.15 0 
-1.30517 0.21 1.41421 0.109045 0.21 0 
-1.30517 0.27 1.41421 0.109045 0.27 0 
-1.30517 0.33 1.41421 0.109045 0.33 0 
-1.30517 0.39 1.41421 0.109045 0.39 0 
-1.30517 0.45 1.41421 0.109045 0.45 0 
-1.30517 0.51 1.41421 0.109045 0.51 0 
-1.30517 0.57 1.41421 0.109045 0.57 0 
-1.30517 0.63 1.41421 0.109045 0.63 0 
-1.30517 0.69 1.41421 0.109045 0.69 0 
-1.30517 0.75 1.41421 0.109045 0.75 0 
-1.30517 0.81 1.41421 0.109045 0.81 0 
-1.30517 0.87 1.41421 0.109045 0.87 0 
-1.30517 0.93 1.41421 0.109045 0.93 0 
-1.30517 0.99 1.41421 0.109045 0.99 0 
-1.39002 0.03 1.41421 0.0241928 0.03 0 
-1.39002 0.09 1.41421 0.0241928 0.09 0 
-1.39002 0.15 1.41421 0.0241928 0.15 0 
-1.39002 0.21 1.41421 0.0241928 0.21 0 
-1.39002 0.27 1.41421 0.0241928 0.27 0 
-1.39002 0.33 1.41421 0.0241928 0.33 0 
-1.39002 0.39 1.41421 0.0241928 0.39 0 
-1.39002 0.45 1.41421 0.0241928 0.45 0 
-1.39002 0.51 1.41421 0.0241928 0.51 0 
-1.39002 0.57 1.41421 0.0241928 0.57 0 
-1.39002 0.63 1.41421 0.0241928 0.63 0 
-1.39002 0.69 1.41421 0.0241928 0.69 0 
-1.39002 0.75 1.41421 0.0241926 0.75 0 
-1.39002 0.81 1.41421 0.0241928 0.81 0 
-1.39002 0.87 1.41421 0.0241928 0.87 0 
-1.39002 0.93 1.41421 0.0241928 0.93 0 
-1.39002 0.99 1.41421 0.0241926 0.99 0 
1.41421 0.03 -1.35355 -1.92041e-08 0.03 0.0606605 
1.41421 0.09 -1.35355 -1.92041e-08 0.09 0.0606605 
1.41421 0.15 -1.35355 -1.92041e-08 0.15 0.0606605 
1.41421 0.21 -1.35355 -1.92041e-08 0.21 0.0606605 
1.41421 0.27 -1.35355 -1.92041e-08 0.27 0.0606605 
1.41421 0.33 -1.35355 -1.92041e-08 0.33 0.0606605 
1.41421 0.39 -1.35355 -1.92041e-08 0.39 0.0606605 
1.41421 0.45 -1.35355 -1.92041e-08 0.45 0.0606605 
1.41421 0.51 -1.35355 -1.92041e-08 0.51 0.0606605 
1.41421 0.57 -1.35355 -1.92041e-08 0.57 0.0606605 
1.41421 0.63 -1.35355 -1.92041e-08 0.63 0.0606605 
1.41421 0.69 -1.35355 -1.92041e-08 0.69 0.0606605 
1.41421 0.75 -1.35355 -1.92041e-08 0.75 0.0606605 
1.41421 0.81 -1.35355 -1.92041e-08 0.81 0.0606605 
1.41421 0.87 -1.35355 -1.92041e-08 0.87 0.0606605 
1.41421 0.93 -1.35355 -1.92041e-08 0.93 0.0606605 
1.41421 0.99 -1.35355 -1.92041e-08 0.99 0.0606605 
1.41421 0.03 -1.2687 -1.54951e-08 0.03 0.145513 
1.41421 0.09 -1.2687 -1.54951e-08 0.09 0.145513 
1.41421 0.15 -1.2687 -1.54951e-08 0.15 0.145513 
1.41421 0.21 -1.2687 -1.54951e-08 0.21 0.145513 
1.41421 0.27 -1.2687 -1.54951e-08 0.27 0.145513 
1.41421 0.33 -1.2687 -1.54951e-08 0.33 0.145513 
1.41421 0.39 -1.2687 -1.54951e-08 0.39 0.145513 
1.41421 0.45 -1.2687 -1.54951e-08 0.45 0.145513 
1.41421 0.51 -1.2687 -1.54951e-08 0.51 0.145513 
1.41421 0.57 -1.2687 -1.54951e-08 0.57 0.145513 
1.41421 0.63 -1.2687 -1.54951e-08 0.63 0.145513 
1.41421 0.69 -1.2687 -1.54951e-08 0.69 0.145513 
1.41421 0.75 -1.2687 -1.54951e-08 0.75 0.145513 
1.41421 0.81 -1.2687 -1.54951e-08 0.81 0.145513 
1.41421 0.87 -1.2687 -1.54951e-08 0.87 0.145513 
1.41421 0.93 -1.2687 -1.54951e-08 0.93 0.145513 
1.41421 0.99 -1.2687 -1.54951e-08 0.99 0.145513 
1.41421 0.03 -1.18385 -1.17861e-08 0.03 0.230366 
1.41421 0.09 -1.18385 -1.17861e-08 0.09 0.230366 
1.41421 0.15 -1.18385 -1.17861e-08 0.15 0.230366 
1.41421 0.21 -1.18385 -1.17861e-08 0.21 0.230366 
1.41421 0.27 -1.18385 -1.17861e-08 0.27 0.230366 
1.41421 0.33 -1.18385 -1.17861e-08 0.33 0.230366 
1.41421 0.39 -1.18385 -1.17861e-08 0.39 0.230366 
1.41421 0.45 -1.18385 -1.17861e-08 0.45 0.230366 
1.41421 0.51 -1.18385 -1.17861e-08 0.51 0.230366 
1.41421 0.57 -1.18385 -1.17861e-08 0.57 0.230366 
1.41421 0.63 -1.18385 -1.17861e-08 0.63 0.230366 
1.41421 0.69 -1.18385 -1.17861e-08 0.69 0.230366 
1.41421 0.75 -1.18385 -1.17861e-08 0.75 0.230366 
1.41421 0.81 -1.18385 -1.17861e-08 0.81 0.230366 
1.41421 0.87 -1.18385 -1.17861e-08 0.87 0.230366 
1.41421 0.93 -1.18385 -1.17861e-08 0.93 0.230366 
1.41421 0.99 -1.18385 -1.17861e-08 0.99 0.230366 
1.41421 0.03 -1.09899 -8.07705e-09 0.03 0.315219 
1.41421 0.09 -1.09899 -8.07705e-09 0.09 0.315219 
1.41421 0.15 -1.09899 -8.07705e-09 0.15 0.315219 
1.41421 0.21 -1.09899 -8.07705e-09 0.21 0.315219 
1.41421 0.27 -1.09899 -8.07705e-09 0.27 0.315219 
1.41421 0.33 -1.09899 -8.07705e-09 0.33 0.315219 
1.41421 0.39 -1.09899 -8.07705e-09 0.39 0.315219 
1.41421 0.45 -1.09899 -8.07705e-09 0.45 0.315219 
1.41421 0.51 -1.09899 -8.07705e-09 0.51 0.315219 
1.41421 0.57 -1.09899 -8.07705e-09 0.57 0.315219 
1.41421 0.63 -1.09899 -8.07705e-09 0.63 0.315219 
1.41421 0.69 -1.09899 -8.07705e-09 0.69 0.315219 
1.41421 0.75 -1.09899 -8.07705e-09 0.75 0.315219 
1.41421 0.81 -1.09899 -8.07705e-09 0.81 0.315219 
1.41421 0.87 -1.09899 -8.07705e-09 0.87 0.315219 
1.41421 0.93 -1.09899 -8.07705e-09 0.93 0.315219 
1.41421 0.99 -1.09899 -8.07705e-09 0.99 0.315219 
1.41421 0.03 -1.01414 -4.36802e-09 0.03 0.400071 
1.41421 0.09 -1.01414 -4.36802e-09 0.09 0.400071 
1.41421 0.15 -1.01414 -4.36802e-09 0.15 0.400071 
1.41421 0.21 -1.01414 -4.36802e-09 0.21 0.400071 
1.41421 0.27 -1.01414 -4.36802e-09 0.27 0.400071 
1.41421 0.33 -1.01414 -4.36802e-09 0.33 0.400071 
1.41421 0.39 -1.01414 -4.36802e-09 0.39 0.400071 
1.41421 0.45 -1.01414 -4.36802e-09 0.45 0.400071 
1.41421 0.51 -1.01414 -4.36802e-09 0.51 0.400071 
1.41421 0.57 -1.01414 -4.36802e-09 0.57 0.400071 
1.41421 0.63 -1.01414 -4.36802e-09 0.63 0.400071 
1.41421 0.69 -1.01414 -4.36802e-09 0.69 0.400071 
1.41421 0.75 -1.01414 -4.36802e-09 0.75 0.400071 
1.41421 0.81 -1.01414 -4.36802e-09 0.81 0.400071 
1.41421 0.87 -1.01414 -4.36802e-09 0.87 0.400071 
1.41421 0.93 -1.01414 -4.36802e-09 0.93 0.400071 
1.41421 0.99 -1.01414 -4.36802e-09 0.99 0.400071 
1.41421 0.03 -0.929289 -6.58982e-10 0.03 0.484924 
1.41421 0.09 -0.929289 -6.58982e-10 0.09 0.484924 
1.41421 0.15 -0.929289 -6.58982e-10 0.15 0.484924 
1.41421 0.21 -0.929289 -6.58982e-10 0.21 0.484924 
1.41421 0.27 -0.929289 -6.58982e-10 0.27 0.484924 
1.41421 0.33 -0.929289 -6.58982e-10 0.33 0.484924 
1.41421 0.39 -0.929289 -6.58982e-10 0.39 0.484924 
1.41421 0.45 -0.929289 -6.58982e-10 0.45 0.484924 
1.41421 0.51 -0.929289 -6.58984e-10 0.51 0.484924 
1.41421 0.57 -0.929289 -6.58982e-10 0.57 0.484924 
1.41421 0.63 -0.929289 -6.58982e-10 0.63 0.484924 
1.41421 0.69 -0.929289 -6.58982e-10 0.69 0.484924 
1.41421 0.75 -0.929289 -6.58986e-10 0.75 0.484924 
1.41421 0.81 -0.929289 -6.58982e-10 0.81 0.484924 
1.41421 0.87 -0.929289 -6.58982e-10 0.87 0.484924 
1.41421 0.93 -0.929289 -6.58982e-10 0.93 0.484924 
1.41421 0.99 -0.929289 -6.58986e-10 0.99 0.484924 
1.41421 0.03 -0.844437 3.05005e-09 0.03 0.569777 
1.41421 0.09 -0.844437 3.05005e-09 0.09 0.569777 
1.41421 0.15 -0.844437 3.05005e-09 0.15 0.569777 
1.41421 0.21 -0.844436 3.05005e-09 0.21 0.569777 
1.41421 0.27 -0.844437 3.05005e-09 0.27 0.569777 
1.41421 0.33 -0.844437 3.05005e-09 0.33 0.569777 
1.41421 0.39 -0.844437 3.05005e-09 0.39 0.569777 
1.41421 0.45 -0.844437 3.05005e-09 0.45 0.569777 
1.41421 0.51 -0.844437 3.05005e-09 0.51 0.569777 
1.41421 0.57 -0.844437 3.05005e-09 0.57 0.569777 
1.41421 0.63 -0.844437 3.05005e-09 0.63 0.569777 
1.41421 0.69 -0.844436 3.05005e-09 0.69 0.569777 
1.41421 0.75 -0.844436 3.05005e-09 0.75 0.569777 
1.41421 0.81 -0.844437 3.05005e-09 0.81 0.569777 
1.41421 0.87 -0.844437 3.05005e-09 0.87 0.569777 
1.41421 0.93 -0.844437 3.05005e-09 0.93 0.569777 
1.41421 0.99 -0.844437 3.05005e-09 0.99 0.569777 
1.41421 0.03 -0.759584 6.75907e-09 0.03 0.65463 
1.41421 0.09 -0.759584 6.75908e-09 0.09 0.65463 
1.41421 0.15 -0.759584 6.75908e-09 0.15 0.65463 
1.41421 0.21 -0.759584 6.75908e-09 0.21 0.65463 
1.41421 0.27 -0.759584 6.75908e-09 0.27 0.65463 
1.41421 0.33 -0.759584 6.75907e-09 0.33 0.65463 
1.41421 0.39 -0.759584 6.75908e-09 0.39 0.65463 
1.41421 0.45 -0.759584 6.75908e-09 0.45 0.65463 
1.41421 0.51 -0.759584 6.75908e-09 0.51 0.65463 
1.41421 0.57 -0.759584 6.75907e-09 0.57 0.65463 
1.41421 0.63 -0.759584 6.75908e-09 0.63 0.65463 
1.41421 0.69 -0.759584 6.75908e-09 0.69 0.65463 
1.41421 0.75 -0.759584 6.75908e-09 0.75 0.65463 
1.41421 0.81 -0.759584 6.75907e-09 0.81 0.65463 
1.41421 0.87 -0.759584 6.75908e-09 0.87 0.65463 
1.41421 0.93 -0.759584 6.75908e-09 0.93 0.65463 
1.41421 0.99 -0.759584 6.75908e-09 0.99 0.65463 
1.41421 0.03 -0.674731 1.04681e-08 0.03 0.739483 
1.41421 0.09 -0.674731 1.04681e-08 0.09 0.739483 
1.41421 0.15 -0.674731 1.04681e-08 0.15 0.739483 
1.41421 0.21 -0.674731 1.04681e-08 0.21 0.739483 
1.41421 0.27 -0.674731 1.04681e-08 0.27 0.739483 
1.41421 0.33 -0.674731 1.04681e-08 0.33 0.739483 
1.41421 0.39 -0.674731 1.04681e-08 0.39 0.739483 
1.41421 0.45 -0.674731 1.04681e-08 0.45 0.739483 
1.41421 0.51 -0.674731 1.04681e-08 0.51 0.739483 
1.41421 0.57 -0.674731 1.04681e-08 0.57 0.739483 
1.41421 0.63 -0.674731 1.04681e-08 0.63 0.739483 
1.41421 0.69 -0.674731 1.04681e-08 0.69 0.739483 
1.41421 0.75 -0.674731 1.04681e-08 0.75 0.739483 
1.41421 0.81 -0.674731 1.04681e-08 0.81 0.739483 
1.41421 0.87 -0.674731 1.04681e-08 0.87 0.739483 
1.41421 0.93 -0.674731 1.04681e-08 0.93 0.739483 
1.41421 0.99 -0.674731 1.04681e-08 0.99 0.739483 
1.41421 0.03 -0.589878 1.41771e-08 0.03 0.824335 
1.41421 0.09 -0.589878 1.41771e-08 0.09 0.824335 
1.41421 0.15 -0.589878 1.41771e-08 0.15 0.824335 
1.41421 0.21 -0.589878 1.41771e-08 0.21 0.824335 
1.41421 0.27 -0.589878 1.41771e-08 0.27 0.824335 
1.41421 0.33 -0.589878 1.41771e-08 0.33 0.824335 
1.41421 0.39 -0.589878 1.41771e-08 0.39 0.824335 
1.41421 0.45 -0.589878 1.41771e-08 0.45 0.824335 
1.41421 0.51 -0.589878 1.41771e-08 0.51 0.824335 
1.41421 0.57 -0.589878 1.41771e-08 0.57 0.824335 
1.41421 0.63 -0.589878 1.41771e-08 0.63 0.824335 
1.41421 0.69 -0.589878 1.41771e-08 0.69 0.824335 
1.41421 0.75 -0.589878 1.41771e-08 0.75 0.824335 
1.41421 0.81 -0.589878 1.41771e-08 0.81 0.824335 
1.41421 0.87 -0.589878 1.41771e-08 0.87 0.824335 
1.41421 0.93 -0.589878 1.41771e-08 0.93 0.824335 
1.41421 0.99 -0.589878 1.41771e-08 0.99 0.824335 
1.41421 0.03 -0.505025 1.78862e-08 0.03 0.909188 
1.41421 0.09 -0.505025 1.78862e-08 0.09 0.909188 
1.41421 0.15 -0.505025 1.78862e-08 0.15 0.909188 
1.41421 0.21 -0.505025 1.78862e-08 0.21 0.909188 
1.41421 0.27 -0.505025 1.78862e-08 0.27 0.909188 
1.41421 0.33 -0.505025 1.78862e-08 0.33 0.909188 
1.41421 0.39 -0.505025 1.78862e-08 0.39 0.909188 
1.41421 0.45 -0.505025 1.78862e-08 0.45 0.909188 
1.41421 0.51 -0.505025 1.78862e-08 0.51 0.909188 
1.41421 0.57 -0.505025 1.78862e-08 0.57 0.909188 
1.41421 0.63 -0.505025 1.78862e-08 0.63 0.909188 
1.41421 0.69 -0.505025 1.78862e-08 0.69 0.909188 
1.41421 0.75 -0.505025 1.78862e-08 0.75 0.909188 
1.41421 0.81 -0.505025 1.78862e-08 0.81 0.909188 
1.41421 0.87 -0.505025 1.78862e-08 0.87 0.909188 
1.41421 0.93 -0.505025 1.78862e-08 0.93 0.909188 
1.41421 0.99 -0.505025 1.78862e-08 0.99 0.909188 
1.41421 0.03 -0.420172 2.15952e-08 0.03 0.994041 
1.41421 0.09 -0.420172 2.15952e-08 0.09 0.994041 
1.41421 0.15 -0.420172 2.15952e-08 0.15 0.994041 
1.41421 0.21 -0.420172 2.15952e-08 0.21 0.994041 
1.41421 0.27 -0.420172 2.15952e-08 0.27 0.994041 
1.41421 0.33 -0.420172 2.15952e-08 0.33 0.994041 
1.41421 0.39 -0.420172 2.15952e-08 0.39 0.994041 
1.41421 0.45 -0.420172 2.15952e-08 0.45 0.994041 
1.41421 0.51 -0.420172 2.15952e-08 0.51 0.994041 
1.41421 0.57 -0.420172 2.15952e-08 0.57 0.994041 
1.41421 0.63 -0.420172 2.15952e-08 0.63 0.994041 
1.41421 0.69 -0.420172 2.15952e-08 0.69 0.994041 
1.41421 0.75 -0.420172 2.15952e-08 0.75 0.994041 
1.41421 0.81 -0.420172 2.15952e-08 0.81 0.994041 
1.41421 0.87 -0.420172 2.15952e-08 0.87 0.994041 
1.41421 0.93 -0.420172 2.15952e-08 0.93 0.994041 
1.41421 0.99 -0.420172 2.15952e-08 0.99 0.994041 
