-90 30.8713
-89 29.1272
-88 22.5092
-87 1.60751
-86 17.6987
-85 13.8656
-84 -6.42103
-83 12.804
-82 9.02543
-81 2.82083
-80 9.90099
-79 3.33982
-78 2.82794
-77 8.55942
-76 1.98747
-75 -9.63399
-74 5.90554
-73 1.55979
-72 -0.923946
-71 5.29538
-70 3.46339
-69 -2.57658
-68 5.08502
-67 1.8939
-66 -3.16908
-65 -0.510769
-64 -0.980013
-63 -1.37961
-62 -2.27033
-61 2.25974
-60 -15.5934
-59 -0.498701
-58 2.29415
-57 -4.16103
-56 -1.66324
-55 -1.1495
-54 0.12487
-53 -19.8104
-52 -5.1302
-51 -0.0645437
-50 -1.20584
-49 -9.42952
-48 0.99109
-47 0.445119
-46 -17.1216
-45 -8.83448
-44 -2.73775
-43 -1.28386
-42 -1.8564
-41 -3.21779
-40 -1.02309
-39 2.14735
-38 -3.08612
-37 -20.5314
-36 0.334789
-35 0.633433
-34 -16.3762
-33 -1.9756
-32 1.54739
-31 -2.8283
-30 -10.7522
-29 3.45013
-28 -0.2106
-27 -10.8097
-26 1.38441
-25 2.17246
-24 -3.48737
-23 2.63314
-22 4.80731
-21 -10.2139
-20 0.356655
-19 5.12925
-18 -1.19072
-17 2.34342
-16 5.7578
-15 0.276115
-14 4.56936
-13 8.39419
-12 -1.26923
-11 8.16775
-10 10.0267
-9 2.39871
-8 8.71836
-7 13.6113
-6 -6.99236
-5 13.7141
-4 17.5634
-3 -0.996667
-2 22.7991
-1 29.0401
0 30.9926
1 29.2114
2 22.6239
3 1.24475
4 17.7758
5 13.8587
6 -7.11273
7 12.7826
8 9.37126
9 -3.47171
10 10.4397
11 3.9747
12 -3.7523
13 8.59389
14 2.68186
15 -10.5755
16 5.8686
17 1.66697
18 -14.0387
19 5.27334
20 3.1375
21 -2.46298
22 4.02511
23 -1.53881
24 -3.3514
25 2.94307
26 -0.550524
27 -5.2586
28 1.2834
29 2.28947
30 -14.6399
31 -8.98453
32 2.25686
33 1.40598
34 -5.92313
35 -1.63168
36 0.372444
37 -21.8386
38 -4.97216
39 1.14298
40 -7.94352
41 -8.93496
42 -4.45507
43 -0.348731
44 -17.4089
45 -5.14036
46 -2.36554
47 -1.08089
48 -1.83263
49 -13.717
50 -0.957865
51 1.90914
52 -3.03779
53 -5.73632
54 0.431453
55 -1.87177
56 -8.00839
57 -2.1725
58 -0.673122
59 -4.79201
60 -10.616
61 3.36539
62 -1.16075
63 -13.4005
64 0.95243
65 1.81627
66 -2.87055
67 2.58417
68 4.76791
69 -10.566
70 0.687543
71 5.1439
72 -1.34336
73 3.2996
74 5.07436
75 -0.984601
76 4.57633
77 8.35643
78 -1.70866
79 8.26814
80 9.76545
81 2.52261
82 8.45219
83 13.5364
84 -10.8767
85 13.5756
86 17.4965
87 -0.352157
88 22.4755
89 28.949
90 30.87
