90 0 19.6463
90 1 18.1193
90 2 12.7138
90 3 -9.00336
90 4 4.94867
90 5 5.04098
90 6 -9.74288
90 7 -0.172595
90 8 1.13066
90 9 -9.67703
90 10 -3.73568
90 11 -1.61974
90 12 -4.91376
90 13 -9.42418
90 14 -3.75218
90 15 -9.70738
90 16 -11.0162
90 17 -5.92271
90 18 -8.06089
90 19 -20.8541
90 20 -9.55247
90 21 -7.73429
90 22 -12.9799
90 23 -13.6188
90 24 -9.25003
90 25 -9.93338
90 26 -22.9302
90 27 -10.6541
90 28 -10.6924
90 29 -15.2799
90 30 -14.3946
90 31 -11.8825
90 32 -14.6532
90 33 -22.3935
90 34 -19.803
90 35 -13.5514
90 36 -12.9338
90 37 -19.9441
90 38 -16.5889
90 39 -16.0696
90 40 -15.4588
90 41 -20.4858
90 42 -24.0462
90 43 -17.672
90 44 -18.2672
90 45 -20.4567
90 46 -21.6452
90 47 -25.6917
90 48 -19.2399
90 49 -21.5367
90 50 -19.1402
90 51 -19.0154
90 52 -19.1027
90 53 -26.991
90 54 -26.2787
90 55 -24.9879
90 56 -25.002
90 57 -21.6247
90 58 -21.8322
90 59 -28.4248
90 60 -33.4448
90 61 -33.2982
90 62 -21.3624
90 63 -23.0905
90 64 -22.1995
90 65 -24.2128
90 66 -35.9047
90 67 -42.1209
90 68 -27.258
90 69 -25.8887
90 70 -25.3668
90 71 -25.6736
90 72 -29.2262
90 73 -61.2989
90 74 -31.0545
90 75 -39.5619
90 76 -30.4403
90 77 -33.4615
90 78 -67.6633
90 79 -17.2635
90 80 -30.5137
90 81 -25.3299
90 82 -29.8645
90 83 -25.9908
90 84 -24.145
90 85 -26.7609
90 86 -29.3762
90 87 -36.7359
90 88 -19.4006
90 89 -inf
90 90 -inf
